3 3 2 9 0.2 2 1
9 3
0.859889 -0.795991 1.10685 
-1.04753 -1.51628 0.63713 
0.871143 -0.941972 -0.818596 
-0.896127 -0.690178 -0.489008 
-0.935677 -0.755166 0.141594 
-0.416157 0.694675 -1.80037 
-1.19953 1.64678 -0.923033 
-0.597005 -0.427812 0.271856 
-0.325481 0.951209 1.24718 
-0.79866 0.129491 -0.0356236 -0.781176 0.690279 -0.0491543 -0.0790845 0.648497 -0.134045 
9 9
0.223348 0.683079 -0.809942 -0.682065 0.619923 -0.870581 -1.00992 1.10862 1.11583 
-0.962168 -0.277832 0.543146 -0.494855 0.372028 -0.646524 0.667342 0.40458 -0.987533 
0.606516 0.398888 0.242705 -0.31187 -0.11842 0.28482 0.567119 0.286198 0.664126 
0.808713 0.443657 0.714407 -0.0559409 0.396012 -0.69344 1.17642 0.107667 0.347475 
-0.541454 1.62813 0.686775 -0.236013 1.32972 -0.256115 -0.408296 -0.384962 0.129095 
-0.740994 -0.770548 0.981295 0.736196 0.836364 -0.720322 -0.482206 0.557774 -0.499382 
-0.416605 -0.778914 0.289102 -0.915688 0.0485991 1.06085 0.86186 0.316694 -0.574699 
-1.26911 0.388809 -0.0678186 -0.378395 1.29363 1.49421 -0.351444 0.962795 -0.385931 
1.29217 1.61358 0.862627 0.758462 0.724571 -0.677234 -0.234409 0.0253378 0.500787 
-0.541748 -0.0751148 0.00713523 -0.283257 -0.912995 0.326423 -0.960098 -0.707945 0.213065 
3 9
-2.04055 4.38997 -0.146641 3.72045 -4.14443 3.42491 1.14072 -6.57246 2.49071 
-3.44459 -1.84819 3.1629 -1.20655 -0.482403 -2.61221 3.82193 0.131348 7.1101 
-4.1284 2.42169 -1.73166 -2.1188 -0.362517 2.96888 1.98573 2.36669 -1.52547 
-1.60538 3.79021 -0.067507 
